{
  "advancedEditorSelectedIdentifier" : "ProjectBrowser",
  "openSceneRelativePaths" : [
    "Immersive.usda",
    "Scene.usda"
  ],
  "recentIdentifiers" : {
    "AF09ED6F-1707-48FD-8720-65B998362C09" : [

    ],
    "D66134B1-3681-4A8E-AFE5-29F257229F3B" : [

    ]
  },
  "sceneCameraHistory" : {
    "AF09ED6F-1707-48FD-8720-65B998362C09" : [
      {
        "date" : 753029459.144487,
        "title" : "Untitled",
        "transform" : [
          0.9988584,
          0.00019311583,
          -0.047768913,
          0,
          -0.030432394,
          0.7733732,
          -0.6332201,
          0,
          0.036821008,
          0.6339509,
          0.7724963,
          0,
          0.0054889917,
          0.14346051,
          0.053029016,
          1
        ]
      },
      {
        "date" : 753029405.294895,
        "title" : "Untitled",
        "transform" : [
          0.99998695,
          0.00019311631,
          -0.0051055513,
          0,
          -0.004659667,
          0.44436398,
          -0.89583415,
          0,
          0.0020958134,
          0.89584625,
          0.44435915,
          0,
          -0.0029988107,
          0.2108674,
          -0.01442332,
          1
        ]
      },
      {
        "date" : 753029394.648177,
        "title" : "Untitled",
        "transform" : [
          0.9995785,
          0.00019311631,
          0.02903174,
          0,
          0.026074937,
          0.43373802,
          -0.9006616,
          0,
          -0.012766014,
          0.90103894,
          0.43355024,
          0,
          -0.08926682,
          0.29496807,
          0.012089953,
          1
        ]
      },
      {
        "date" : 753029366.276875,
        "title" : "Untitled",
        "transform" : [
          0.9995785,
          0.00019311631,
          0.02903174,
          0,
          0.026074937,
          0.43373802,
          -0.9006616,
          0,
          -0.012766014,
          0.90103894,
          0.43355024,
          0,
          0.0138121545,
          0.28506473,
          0.035707057,
          1
        ]
      },
      {
        "date" : 753029268.825721,
        "title" : "Untitled",
        "transform" : [
          0.9997211,
          0.00019311626,
          0.02361466,
          0,
          0.020193102,
          0.51148343,
          -0.85905576,
          0,
          -0.012244317,
          0.85929304,
          0.511337,
          0,
          0.014249956,
          0.26897803,
          0.056689918,
          1
        ]
      },
      {
        "date" : 753029267.187184,
        "title" : "Untitled",
        "transform" : [
          0.9999514,
          0.00019311611,
          -0.009854185,
          0,
          -0.0059766895,
          0.8068953,
          -0.5906641,
          0,
          0.007837317,
          0.5906943,
          0.80685735,
          0,
          0.02032786,
          0.18849592,
          0.13641648,
          1
        ]
      },
      {
        "date" : 753029074.437625,
        "title" : "Untitled",
        "transform" : [
          0.995767,
          0.00019311617,
          -0.091914,
          0,
          -0.07396327,
          0.5953659,
          -0.800043,
          0,
          0.054568034,
          0.8034547,
          0.59285986,
          0,
          0.02922144,
          0.1759999,
          0.018748477,
          1
        ]
      },
      {
        "date" : 753029030.983738,
        "title" : "Untitled",
        "transform" : [
          0.9983548,
          0.00019311617,
          0.0573387,
          0,
          0.045995113,
          0.59440625,
          -0.80284846,
          0,
          -0.034237437,
          0.80416495,
          0.5934194,
          0,
          0.011702234,
          0.17613918,
          0.012879588,
          1
        ]
      },
      {
        "date" : 753029024.75198,
        "title" : "Untitled",
        "transform" : [
          0.9471783,
          0.00019311768,
          -0.3207075,
          0,
          -0.17853664,
          0.8310337,
          -0.52678996,
          0,
          0.26641706,
          0.5562221,
          0.7871715,
          0,
          0.14624311,
          0.11268148,
          0.12512724,
          1
        ]
      },
      {
        "date" : 753029002.069235,
        "title" : "Untitled",
        "transform" : [
          -0.0072494526,
          0.00019312759,
          -0.9999737,
          0,
          -0.29135716,
          0.95661163,
          0.0022969937,
          0,
          0.9565869,
          0.2913662,
          -0.0068786433,
          0,
          0.1902613,
          0.05987776,
          -0.099781156,
          1
        ]
      }
    ],
    "D66134B1-3681-4A8E-AFE5-29F257229F3B" : [
      {
        "date" : 753029680.907097,
        "title" : "Untitled",
        "transform" : [
          0.99844587,
          -1.984426e-09,
          0.055730913,
          0,
          0.025203943,
          0.8918945,
          -0.4515406,
          0,
          -0.049706098,
          0.45224345,
          0.89050835,
          0,
          -0.007709589,
          0.058410212,
          0.139436,
          1
        ]
      },
      {
        "date" : 753029673.07776,
        "title" : "Untitled",
        "transform" : [
          0.9984458,
          -2.0169137e-09,
          0.055730917,
          0,
          0.025203943,
          0.8918945,
          -0.4515406,
          0,
          -0.0497061,
          0.45224342,
          0.89050835,
          0,
          -0.02917741,
          0.267175,
          0.51429933,
          1
        ]
      },
      {
        "date" : 753027335.893571,
        "title" : "Untitled",
        "transform" : [
          0.9994777,
          -1.7427642e-09,
          -0.032316674,
          0,
          -0.0071494686,
          0.9752214,
          -0.22111608,
          0,
          0.03151591,
          0.2212316,
          0.974712,
          0,
          0.0072123115,
          0.054181647,
          0.22895515,
          1
        ]
      },
      {
        "date" : 753027217.627592,
        "title" : "Untitled",
        "transform" : [
          1,
          0,
          0,
          0,
          0,
          0.7071069,
          -0.70710677,
          0,
          0,
          0.70710677,
          0.7071069,
          0,
          0.00011170207,
          0.16298085,
          0.16634454,
          1
        ]
      },
      {
        "date" : 753027073.996644,
        "title" : "Untitled",
        "transform" : [
          1,
          0,
          0,
          0,
          0,
          0.7071069,
          -0.70710677,
          0,
          0,
          0.70710677,
          0.7071069,
          0,
          -0.0001839922,
          0.40547097,
          0.3999318,
          1
        ]
      },
      {
        "date" : 753027050.982905,
        "title" : "Untitled",
        "transform" : [
          1,
          0,
          0,
          0,
          0,
          0.7071069,
          -0.70710677,
          0,
          0,
          0.70710677,
          0.7071069,
          0,
          0,
          0.25458452,
          0.25458458,
          1
        ]
      }
    ]
  },
  "sceneViewportBackgroundColors" : {

  },
  "selectedSceneRelativePath" : "Scene.usda"
}